0.006764888763427734	49
1.3844597339630127	44.1
1.388493299484253	43.922834369691266
1.388493299484253	43.922834369691266
1.3936519622802734	43.69741414505885
1.3936519622802734	43.69741414505885
1.3976836204528809	43.52194852559782
1.405672550201416	43.17701042258006
1.4096674919128418	43.00520712682062
1.4096674919128418	43.00520712682062
1.4188716411590576	42.612990799672815
1.4188716411590576	42.612990799672815
1.4230682849884033	42.434906610696174
1.424065113067627	42.392648428390096
1.4280965328216553	42.22243208163308
1.4320909976959229	42.054447070005196
1.4714856147766113	40.46052036340352
1.4767262935638428	40.249585215967336
1.4807558059692383	40.088049921500534
1.4899265766143799	39.723752498175394
1.4950635433197021	39.520735794230596
1.4950635433197021	39.520735794230596
1.5083198547363281	39.003690723600776
1.5083198547363281	39.003690723600776
1.5190050601959229	38.59133438671876
1.5228924751281738	38.44189479088466
1.5283420085906982	38.233539836156766
1.5293710231781006	38.194237408708496
1.5346338748931885	37.99427915151243
1.5386652946472168	37.841723280751935
1.5458879470825195	37.57036558824081
1.5468828678131104	37.53302320537204
1.5509493350982666	37.38101453268891
1.556086778640747	37.18995324753222
1.5654723644256592	36.84414932338548
1.5654723644256592	36.84414932338548
1.569467544555664	36.69753605651236
1.5735459327697754	36.54847717794611
1.5745723247528076	36.51100257760798
1.5837559700012207	36.17874977415107
1.5837559700012207	36.17874977415107
1.5877878665924072	36.03346656314649
1.5877878665924072	36.03346656314649
1.5917818546295166	35.890121845843794
1.5917818546295166	35.890121845843794
1.5993666648864746	35.6199512740679
1.605431318283081	35.40523082071343
1.6094887256622314	35.262157881121794
1.6125295162200928	35.15525810421931
1.6206254959106445	34.87292759069496
1.6206254959106445	34.87292759069496
1.6246213912963867	34.73413362640944
1.6294441223144531	34.567424237325426
1.6294441223144531	34.567424237325426
1.6335256099700928	34.42691122414229
1.6375198364257812	34.28994940108027
1.6375198364257812	34.28994940108027
1.6448519229888916	34.040362516469855
1.6470732688903809	33.964914692423406
1.6511824131011963	33.825919112725835
1.6612892150878906	33.48746790556847
1.6625950336456299	33.44379637561993
1.6666889190673828	33.30743953447383
1.671818733215332	33.137450571704136
1.6792912483215332	32.89166709248738
1.6802892684936523	32.858873274126694
1.685554027557373	32.686785225347656
1.6896584033966064	32.55317476136676
1.6937861442565918	32.41935606070059
1.6988015174865723	32.257572296142364
1.7039904594421387	32.09105368129715
1.7039904594421387	32.09105368129715
1.7080214023590088	31.962215813854815
1.7120161056518555	31.83504425773054
1.7171204090118408	31.67337374967799
1.7303829193115234	31.258803545697422
1.7303829193115234	31.258803545697422
1.7354989051818848	31.099697930512416
1.7396068572998047	30.972464529252274
1.7447583675384521	30.81372729758786
1.748790979385376	30.68996657479664
1.748790979385376	30.68996657479664
1.752958059310913	30.56260973728836
1.7620909214019775	30.286011768518126
1.7660775184631348	30.165753065997624
1.7660775184631348	30.165753065997624
1.7751774787902832	29.893721387341984
1.7853448390960693	29.592840317363752
1.789447546005249	29.47192564439566
1.7946033477783203	29.437822637032976
1.8038105964660645	29.16925406085866
1.8078417778015137	29.05213961787621
1.8078417778015137	29.05213961787621
1.8118362426757812	28.936553571054272
1.8169491291046143	28.78935685907468
1.8169491291046143	28.78935685907468
1.8209826946258545	28.673699612949488
1.8261337280273438	28.52675733309056
1.8301646709442139	28.412229258807283
1.8353021144866943	28.26700909546455
1.8383307456970215	28.181657248762207
1.8424575328826904	28.06583551838982
1.8465917110443115	27.950284064399675
1.847620964050293	27.921545729525914
1.851649284362793	27.809520074927207
1.8568098545074463	27.666743902344997
1.8568098545074463	27.666743902344997
1.8659727573394775	27.41553799163974
1.870081901550293	27.303344611194753
1.8752834796905518	27.162059038654867
1.8804950714111328	27.021235392006016
1.8804950714111328	27.021235392006016
1.8885986804962158	26.80402604304678
1.8885986804962158	26.80402604304678
1.8967194557189941	26.588109978314378
1.8977487087249756	26.560772223661985
1.9069335460662842	26.319036157574644
1.9109668731689453	26.2133093066975
1.915069580078125	26.10620320643003
1.920095443725586	25.975653115716696
1.925236463546753	25.842794795438994
1.934419870376587	25.607629515649123
1.944532871246338	25.351252279299292
1.944532871246338	25.351252279299292
1.9536986351013184	25.120999133441003
2.0246078968048096	23.457635517579824
2.0419042110443115	23.05880321125119
2.0460405349731445	22.963817423744004
2.0470376014709473	22.940943777275706
2.051071882247925	22.848765442075074
2.0550665855407715	22.75785456550413
2.0602450370788574	22.643914371182543
2.065383195877075	22.52816110200859
2.0705854892730713	22.41156954178744
2.0786166191101074	22.233013325104967
2.0786166191101074	22.233013325104967
2.0878641605377197	22.029296493163283
2.0919036865234375	21.94066660028745
2.097062349319458	21.8280629838634
2.1013004779815674	21.735943259736327
2.1022956371307373	21.71433404154675
2.1144521236419678	21.453534439514574
2.1154820919036865	21.43146071517567
2.1195175647735596	21.34532224635182
2.1246836185455322	21.235617902387023
2.12888765335083	21.146716370746642
2.1511459350585938	20.68627542485581
2.1562790870666504	20.580631912825417
2.160310745239258	20.497991019808374
2.160310745239258	20.497991019808374
2.166487455368042	20.37215810449912
2.174299955368042	20.214234398262693
2.1792044639587402	20.115577376214194
2.1792044639587402	20.115577376214194
2.1849286556243896	20.001087318879538
2.1849286556243896	20.001087318879538
2.1889595985412598	19.920787760557644
2.1889595985412598	19.920787760557644
2.2002367973327637	19.698642255914972
2.203446626663208	19.63561528206129
2.2104997634887695	19.498092567346333
2.2200355529785156	19.313919100581206
2.2292122840881348	19.13829213971768
2.2302086353302	19.11924265854749
2.234312057495117	19.041108950037305
2.234312057495117	19.041108950037305
2.238307476043701	18.96533450079274
2.2423038482666016	18.889843654317694
2.2515270709991455	18.717210651546537
2.2566840648651123	18.62118133363194
2.2607100009918213	18.546514251880772
2.264885663986206	18.46939229395015
2.2700107097625732	18.37521845820112
2.2700107097625732	18.37521845820112
2.274012327194214	18.301980932269
2.278005599975586	18.229186816727218
2.282003879547119	18.156591687096032
2.2871739864349365	18.063202996865893
2.2912020683288574	17.99073484358412
2.2963454723358154	17.898674728267512
2.302565574645996	17.788031353352956
2.3066036701202393	17.716490473353037
2.3066036701202393	17.716490473353037
2.3249733448028564	17.465388536176214
2.3305234909057617	17.36898811448122
2.3347249031066895	17.296319148180913
2.3427140712738037	17.15923116478704
2.3468408584594727	17.08870969659153
2.3478376865386963	17.07169215449207
2.351872682571411	17.003084774881508
2.3560409545898438	16.932505486062
2.3570380210876465	16.91563946865889
2.3610692024230957	16.847723241184212
2.3662307262420654	16.761209857271158
2.3754210472106934	16.608571752039428
2.383615016937256	16.473587673356075
2.3846120834350586	16.457178771754407
2.393822431564331	16.306985756002536
2.3978562355041504	16.241470846911803
2.401850700378418	16.176852975923286
2.414005756378174	15.98258377511596
2.417128324508667	15.93283242037162
2.421154022216797	15.86894882943852
2.4434773921966553	15.522435753132754
2.451573610305786	15.39777203236406
2.4572386741638184	15.311034046756678
2.462681531906128	15.22814939591607
2.464937448501587	15.193873285023086
2.4693026542663574	15.127837163030515
2.4835352897644043	14.915549582568769
2.4835352897644043	14.915549582568769
2.4939024448394775	14.762504410053294
2.4939024448394775	14.762504410053294
2.5019283294677734	14.644965605716452
2.511112689971924	14.511685058615436
2.58537220954895	13.508546858704305
2.596479892730713	13.360146583196252
2.604633331298828	13.252096429063148
2.6092305183410645	13.191452852939344
2.6133174896240234	13.191452852939344
2.6183462142944336	13.125448585825602
2.6245317459106445	13.046688876857907
2.6280853748321533	13.00048995974318
2.630113363265991	12.974178475855595
2.6353273391723633	12.90688230250396
2.645847797393799	12.772509648365448
2.6550967693328857	12.655459657120494
2.661435842514038	12.575741113892304
2.6647582054138184	12.53409829074892
2.6647582054138184	12.53409829074892
2.685483694076538	12.2795976293001
2.6957662105560303	12.154617573795623
2.696765422821045	12.142484654201393
2.700801372528076	12.093675189363948
2.7049384117126465	12.043849312823736
2.705937623977661	12.031826963751023
2.71368408203125	11.939339372117354
2.7238659858703613	11.81899945618002
2.727898597717285	11.77152944707533
2.7370173931121826	11.665157264728965
2.741046667098999	11.61834377438893
2.7502951622009277	11.511876243338405
2.7636008262634277	11.360714394100496
2.764631748199463	11.349014446155575
2.7697596549987793	11.29111466250585
2.7765045166015625	11.21546788381903
2.784801483154297	11.12317923772357
2.7858333587646484	11.111713331747321
2.8015313148498535	10.93997803695017
2.8015313148498535	10.93997803695017
2.8066978454589844	10.883746825832475
2.8107285499572754	10.840053772330625
2.815911293029785	10.784162230239033
2.825814723968506	10.67840934079706
2.833441972732544	10.597578969698631
2.8344733715057373	10.58665990166384
2.8385064601898193	10.544134472240408
2.8385064601898193	10.544134472240408
2.845912218093872	10.466621209489505
2.8561904430389404	10.360137386964471
2.8602218627929688	10.31853902490675
2.8653762340545654	10.26562617636102
2.8786373138427734	10.131274536377871
2.8877718448638916	10.03956779293469
2.8917667865753174	9.999619894320466
2.896906614303589	9.948486388128432
2.896906614303589	9.948486388128432
2.9010093212127686	9.90783743502871
2.906165361404419	9.85701427326608
2.9113545417785645	9.806128503688392
2.9153833389282227	9.766780127748381
2.9193778038024902	9.727922283885794
2.924534320831299	9.678017422242892
2.9337522983551025	9.589620515865834
2.9377496242523193	9.551440296214057
2.941741704940796	9.513461789125131
2.946920394897461	9.464448345532745
2.950953960418701	9.426426237671956
2.950953960418701	9.426426237671956
2.956111431121826	9.378059172238961
2.9702515602111816	9.247301140385762
2.9702515602111816	9.247301140385762
2.981821298599243	9.141535960853629
2.98984956741333	9.068729760533754
2.996994733810425	9.004391882230568
3.005157470703125	8.93148650780664
3.0102128982543945	8.886561141774473
3.015352487564087	8.841121408696644
3.0193839073181152	8.805622249214649
3.024568557739258	8.76020365564213
3.028604507446289	8.724990034667861
3.0328454971313477	8.68814370682491
3.033874273300171	8.67921473753883
3.037972927093506	8.643786847786371
3.041969060897827	8.609382602932458
3.0459494590759277	8.575249694671031
3.0510878562927246	8.53141191144989
3.0551865100860596	8.4965873415122
3.0665571689605713	8.401061734347223
3.0665571689605713	8.401061734347223
3.075695276260376	8.324987108876817
3.079724073410034	8.291582006921177
3.079724073410034	8.291582006921177
3.083865165710449	8.257387403522904
3.0848958492279053	8.248885413290042
3.0889272689819336	8.215764219122631
3.0943374633789062	8.171554520640505
3.0943374633789062	8.171554520640505
3.10788893699646	8.06229849528481
3.1118826866149902	8.030227776167033
3.11724591255188	7.987389601090422
3.132619857788086	7.866451210969688
3.1458611488342285	7.763650455705178
3.1551051139831543	7.692540875941289
3.1654181480407715	7.61401725665809
3.174640655517578	7.544438615121821
3.1791062355041504	7.510898098890233
3.1885526180267334	7.440611238925512
3.1958017349243164	7.3870615661031875
3.1958017349243164	7.3870615661031875
3.199842929840088	7.357329164888383
3.2050552368164062	7.319179355273963
3.2145979404449463	7.249994803555181
3.224924087524414	7.175895451694103
3.224924087524414	7.175895451694103
3.238466262817383	7.080016625474791
3.24125337600708	7.060338662464905
3.330718994140625	6.4805520660308344
3.3347561359405518	6.4544943570645374
3.342970609664917	6.40190606788405
3.343997001647949	6.395341940187891
3.348090410232544	6.3692699160359885
3.3641881942749023	6.268363159593773
3.3693301677703857	6.2362962893638825
3.37176513671875	6.221147987191891
3.377023935317993	6.188603368466528
3.381131172180176	6.1632892795452845
3.386272430419922	6.131764295835141
3.386272430419922	6.131764295835141
3.3903043270111084	6.107140935116947
3.394411087036133	6.082162951442279
3.395439624786377	6.075913644891285
3.4035778045654297	6.026865926477365
3.404606819152832	6.0206705686362945
3.4127657413482666	5.971945926466908
3.4162399768829346	5.951269813404781
3.4172375202178955	5.945339080031412
3.421344757080078	5.92102004822761
3.4247193336486816	5.901106313134468
3.426964044570923	5.88788970280962
3.430997371673584	5.864237315508542
3.4361460208892822	5.834199071037219
3.440171718597412	5.810806520545074
3.447421073913574	5.768985097757784
3.451413869857788	5.746042323274134
3.46010422706604	5.696537378603907
3.470207929611206	5.639556972467577
3.4893722534179688	5.533510976328934
3.4893722534179688	5.533510976328934
3.4987003803253174	5.482370726439572
3.503915548324585	5.453927577865167
3.5188591480255127	5.373626258121406
3.5240819454193115	5.3457067150221755
3.5345208644866943	5.290479824308597
3.5448877811431885	5.236196610451034
3.5448877811431885	5.236196610451034
3.548884630203247	5.2153516371621675
3.548884630203247	5.2153516371621675
3.5621111392974854	5.147271207722712
3.5621111392974854	5.147271207722712
3.5672659873962402	5.120873880734643
3.5672659873962402	5.120873880734643
3.5672659873962402	5.120873880734643
3.5712966918945312	5.10031601403417
3.5846493244171143	5.033110735931805
3.5897092819213867	5.007771624321636
3.6040639877319336	4.936903822337023
3.608095407485962	4.917081004841946
3.630842447280884	4.807719615427001
3.6350040435791016	4.787794746533202
3.636033296585083	4.782871961189923
3.640134334564209	4.763337333876308
3.6452877521514893	4.738915722248633
3.6493210792541504	4.719878906732829
3.653463840484619	4.700406245969573
3.6544790267944336	4.695639297239189
3.6544790267944336	4.695639297239189
3.662640333175659	4.657626976474718
3.6678459644317627	4.633506649435055
3.668842315673828	4.628894644506611
3.6741456985473633	4.604475348800169
3.680055856704712	4.577422060469855
3.6841623783111572	4.558701653631878
3.6893863677978516	4.535010804865217
3.6948189735412598	4.510506998638729
3.7009470462799072	4.483034636297622
3.7050728797912598	4.464614380670585
3.714301824569702	4.423787490211856
3.7153279781341553	4.419252658344277
3.7153279781341553	4.419252658344277
3.7220864295959473	4.389585855403166
3.7220864295959473	4.389585855403166
3.731382131576538	4.349157384490259
3.7405638694763184	4.309587878137134
3.7457215785980225	4.287474332662488
3.7530722618103027	4.256188439750115
3.762425422668457	4.21674851261326
3.7729859352111816	4.172682843111767
3.778089761734009	4.151494336209256
3.7791202068328857	4.14722085280752
3.7832295894622803	4.130248083079821
3.787222146987915	4.113823406479151
3.7964189052581787	4.076334344880511
3.80560302734375	4.0392374945975105
3.80560302734375	4.0392374945975105
3.814789056777954	4.002470681111284
3.823981523513794	3.9660132363621243
3.828009843826294	3.9501009644107627
3.8320071697235107	3.934373989373703
3.8411757946014404	3.898628923238284
3.8463339805603027	3.8786222683141354
3.8572487831115723	3.83674495469407
3.8614501953125	3.8206926499784557
3.8634767532348633	3.8129654546286806
3.8687541484832764	3.7929485658895796
3.874053478240967	3.7729544361715655
3.879075527191162	3.754101156400139
3.884371757507324	3.734323320022286
3.8884799480438232	3.71904477547088
3.8976426124572754	3.6852778116127314
3.911992311477661	3.633143298777345
3.916093587875366	3.618303635477431
3.9200849533081055	3.6039190774493104
3.9253101348876953	3.585185830488436
3.9358842372894287	3.5476723794602223
3.942186117172241	3.5254553831036883
3.9502832889556885	3.4971384523048767
3.954277753829956	3.4832248330600417
3.96742844581604	3.438012588464861
3.9716548919677734	3.4235431676187855
3.977827548980713	3.402540452433263
3.9818856716156006	3.3887883337910623
3.9870805740356445	3.3712748897078852
3.991175889968872	3.357524765041405
3.9952993392944336	3.34373703482032
4.005481719970703	3.310033018574176
4.013641834259033	3.2832413935664975
4.0146706104278564	3.2798671444114205
4.018701553344727	3.2666992661430165
4.027890920639038	3.2369537095909013
4.027890920639038	3.2369537095909013
4.045104026794434	3.1821785327020797
4.053093194961548	3.156957071759433
4.062280893325806	3.1282159670360508
4.062280893325806	3.1282159670360508
4.06992244720459	3.104492817901756
4.076230525970459	3.085032191840385
4.079957008361816	3.0735785554749535
4.096631050109863	3.0231700911634474
4.096631050109863	3.0231700911634474
4.100667238235474	3.0110170598604284
4.222339630126953	2.6843997245781734
4.240708112716675	2.635980757919488
4.245837211608887	2.622529544537806
4.255009651184082	2.5986931882937103
4.255009651184082	2.5986931882937103
4.259036540985107	2.5882705081820174
4.264143466949463	2.575119563223273
4.276490688323975	2.5437117906313915
4.299789190292358	2.4857964569853177
4.304142951965332	2.475020806259214
4.304142951965332	2.475020806259214
4.311431884765625	2.457111088651181
4.3145952224731445	2.449362926546237
4.318630218505859	2.439519475142307
4.323793649673462	2.4269878902265174
4.327991962432861	2.416841234832876
4.329004287719727	2.4143970796166467
4.33521294593811	2.399499407897795
4.343466758728027	2.3798565177335584
4.358971357345581	2.3435211627533254
4.358971357345581	2.3435211627533254
4.36422061920166	2.3312836444428506
4.3773887157440186	2.300984064143777
4.3864967823028564	2.2802157077094516
4.3864967823028564	2.2802157077094516
4.3905251026153564	2.271067121891286
4.395681142807007	2.2594174745826208
4.399712085723877	2.2503464564733955
4.404856204986572	2.2388296497462425
4.404856204986572	2.2388296497462425
4.414008617401123	2.218524795862601
4.422038316726685	2.2008526111353075
4.426036596298218	2.1920880303445784
4.434107780456543	2.1745369422248007
4.4351372718811035	2.1723005774087905
4.4443583488464355	2.152452645896744
4.448389053344727	2.1438115749381526
4.452383518218994	2.1352822649342262
4.456378698348999	2.126785374266173
4.460371017456055	2.118328331592937
4.4696104526519775	2.0989353544054765
4.483957290649414	2.0692481859057965
4.487990617752075	2.060935757856789
4.491982460021973	2.0527415374185476
4.4970879554748535	2.04231450997452
4.50111985206604	2.0341131759941415
4.506279468536377	2.0236718056153324
4.515446424484253	2.005289405968081
4.519477367401123	1.9972386509746354
4.524610996246338	1.9870379357113315
4.53682017326355	1.9630704609562568
4.5402302742004395	1.9563989430875042
4.544339656829834	1.9483922538044731
4.552330017089844	1.9329473084463704
4.556321620941162	1.9252624235417626
4.561995506286621	1.9144003355326422
4.5700953006744385	1.899018674728714
4.575202703475952	1.8893689066816355
4.579233884811401	1.881783097780499
4.583232402801514	1.8742887206124654
4.5872204303741455	1.8668436964771207
4.591217756271362	1.8594110246347777
4.60719895362854	1.8301628312330709
4.608358383178711	1.8280433437613208
4.616384506225586	1.8134880654043462
4.616384506225586	1.8134880654043462
4.620384693145752	1.8062626770691501
4.625540256500244	1.7969981393140122
4.629570722579956	1.7897844737027582
4.634699106216431	1.780652604026025
4.638735055923462	1.773494867933368
4.64388108253479	1.7644151406660702
4.654531002044678	1.7458222739697236
4.671786785125732	1.7162077650539314
4.675914287567139	1.7091532309205693
4.6852757930755615	1.6933013807175619
4.6996169090271	1.6693608827333213
4.7220330238342285	1.6327607307404712
4.7220330238342285	1.6327607307404712
4.7271888256073	1.6243857199653224
4.738351583480835	1.6064532710652724
4.738351583480835	1.6064532710652724
4.747555494308472	1.5918024631393255
4.755017042160034	1.5800131196410274
4.770371675491333	1.556119475672385
4.777908563613892	1.5444789109131813
4.77993106842041	1.5413614998711094
4.784033298492432	1.5350643128843084
4.784033298492432	1.5350643128843084
4.792013168334961	1.5229116759287291
4.792013168334961	1.5229116759287291
4.79714035987854	1.5151432462890448
4.8014302253723145	1.508671249554133
4.802459239959717	1.5071204006768648
4.807742357254028	1.4991999514855405
4.818201780319214	1.483681498993578
4.818201780319214	1.483681498993578
4.822308778762817	1.4776129449285083
4.8290040493011475	1.4677857224245774
4.834095478057861	1.4603504521376836
4.838089227676392	1.4545413780639043
4.852897644042969	1.4333162344787682
4.853928565979004	1.431840119091102
4.861961603164673	1.4204297540571307
4.865949869155884	1.4147872063572158
4.869943857192993	1.4091590420010789
4.8750505447387695	1.401999468774702
4.879916191101074	1.3952108660994174
4.88518762588501	1.3878946698602772
4.895358324050903	1.3739209347293426
4.899460554122925	1.3683078212372808
4.904618501663208	1.3612863775147575
4.909900188446045	1.3541342644679306
4.909900188446045	1.3541342644679306
4.914004325866699	1.3485994270937223
4.914004325866699	1.3485994270937223
4.918002128601074	1.3432294606829112
4.926107883453369	1.3324291169032336
4.931181907653809	1.3257024704854083
4.940370321273804	1.3136322738090758
4.944492816925049	1.3082390639571235
4.945521354675293	1.3068948732443912
4.9600489139556885	1.2881807510200827
4.972286939620972	1.272606559285736
4.980062961578369	1.2627870990758043
4.984176874160767	1.2576133875370243
4.992082595825195	1.2477490309909494
5.001534938812256	1.2410974792113947
5.006659746170044	1.2347695232733509
5.010699987411499	1.2298008312362145
5.0210349559783936	1.2172208915827396
5.027635335922241	1.2092394517580465
5.027635335922241	1.2092394517580465
5.032485723495483	1.2034024833074035
5.037399530410767	1.1975181105346813
5.051966428756714	1.180324444338762
5.060068845748901	1.1708378280258693
5.064065456390381	1.1661770723287508
5.069262504577637	1.1601477286784734
5.087693452835083	1.1391520757136329
5.091688632965088	1.1346190681574058
5.09568452835083	1.1301032936210136
5.099677801132202	1.1256084321065993
5.1139750480651855	1.1097421742099736
5.118720769882202	1.104500521985879
5.120746850967407	1.1022672391817316
5.120746850967407	1.1022672391817316
5.126006603240967	1.0964999212280944
5.135331630706787	1.0863694958413446
5.1394431591033936	1.0819211463253389
5.144599199295044	1.0763713324739628
5.144599199295044	1.0763713324739628
5.148627758026123	1.0720525059907784
5.148627758026123	1.0720525059907784
5.153783798217773	1.0665533142360395
5.178925514221191	1.0403959741235265
5.184211015701294	1.0349258718958247
